#
##=---------------------------------------------------------------------------*| 
#|            #####        |                                                   | 
#|       ####              |                                                   | 
#|    ####    ###   ###    | Bronberg Dynamics                                 | 
#|  #####     #  #  #  #   | Web: https://bronbergdynamics.co.za               | 
#| #####      ###   #  #   | Author: Keana Mrazek                              | 
#|  ####      #  #  #  #   | Email: Keana@bronbergdynamics.co.za               | 
#|    ###     ###   ###    |                                                   | 
#|      ##                 |                                                   | 
#|*---------------------------------------------------------------------------=#
!T AOACD
!U deg
-180.000000
-178.250000
-176.500000
-174.750000
-173.000000
-171.250000
-169.500000
-167.750000
-166.000000
-164.250000
-162.500000
-160.750000
-159.000000
-157.250000
-155.500000
-150.821429
-146.142857
-141.464286
-136.785714
-132.107143
-127.428571
-122.750000
-118.071429
-113.392857
-108.714286
-104.035714
-99.357143
-94.678571
-90.000000
-85.357143
-80.714286
-76.071429
-71.428571
-66.785714
-62.142857
-57.500000
-52.857143
-48.214286
-43.571429
-38.928571
-34.285714
-29.642857
-25.000000
-25.000000
-24.500000
-24.000000
-23.500000
-23.000000
-22.500000
-22.000000
-21.500000
-21.000000
-20.500000
-20.000000
-19.500000
-19.000000
-18.500000
-18.000000
-17.500000
-17.000000
-16.500000
-16.000000
-15.500000
-15.000000
-14.500000
-14.000000
-13.500000
-13.000000
-12.500000
-12.000000
-11.500000
-11.000000
-10.500000
-10.000000
-9.500000
-9.000000
-8.500000
-8.000000
-7.500000
-5.000000
-4.500000
-4.000000
-3.500000
-3.000000
-2.500000
-2.000000
-1.500000
-1.000000
-0.500000
0.000000
0.500000
1.000000
1.500000
2.000000
2.500000
3.000000
3.500000
4.000000
4.500000
5.000000
5.500000
6.000000
6.500000
7.000000
7.500000
8.000000
8.500000
9.000000
9.500000
10.000000
10.500000
11.000000
11.500000
12.000000
12.500000
13.000000
13.500000
14.000000
14.500000
15.000000
15.500000
16.000000
16.500000
17.000000
17.500000
18.000000
18.500000
19.000000
19.500000
20.000000
20.500000
21.000000
21.500000
22.000000
22.500000
23.000000
23.500000
24.000000
24.500000
29.178571
33.857143
38.535714
43.214286
47.892857
52.571429
57.250000
61.928571
66.607143
71.285714
75.964286
80.642857
85.321429
90.000000
94.678571
99.357143
104.035714
108.714286
113.392857
118.071429
122.750000
127.428571
132.107143
136.785714
141.464286
146.142857
150.821429
155.500000
157.250000
159.000000
160.750000
162.500000
164.250000
166.000000
167.750000
169.500000
171.250000
173.000000
174.750000
176.500000
178.250000
180.000000
!T AOACL
!U deg
-180.000000
-178.250000
-176.500000
-174.750000
-173.000000
-171.250000
-169.500000
-167.750000
-166.000000
-164.250000
-162.500000
-160.750000
-159.000000
-157.250000
-155.500000
-150.821429
-146.142857
-141.464286
-136.785714
-132.107143
-127.428571
-122.750000
-118.071429
-113.392857
-108.714286
-104.035714
-99.357143
-94.678571
-90.000000
-85.357143
-80.714286
-76.071429
-71.428571
-66.785714
-62.142857
-57.500000
-52.857143
-48.214286
-43.571429
-38.928571
-34.285714
-29.642857
-25.000000
-25.000000
-24.500000
-24.000000
-23.500000
-23.000000
-22.500000
-22.000000
-21.500000
-21.000000
-20.500000
-20.000000
-19.500000
-19.000000
-18.500000
-18.000000
-17.500000
-17.000000
-16.500000
-16.000000
-15.500000
-15.000000
-14.500000
-14.000000
-13.500000
-13.000000
-12.500000
-12.000000
-11.500000
-11.000000
-10.500000
-10.000000
-9.500000
-9.000000
-8.500000
-8.000000
-7.500000
-5.000000
-4.500000
-4.000000
-3.500000
-3.000000
-2.500000
-2.000000
-1.500000
-1.000000
-0.500000
0.000000
0.500000
1.000000
1.500000
2.000000
2.500000
3.000000
3.500000
4.000000
4.500000
5.000000
5.500000
6.000000
6.500000
7.000000
7.500000
8.000000
8.500000
9.000000
9.500000
10.000000
10.500000
11.000000
11.500000
12.000000
12.500000
13.000000
13.500000
14.000000
14.500000
15.000000
15.500000
16.000000
16.500000
17.000000
17.500000
18.000000
18.500000
19.000000
19.500000
20.000000
20.500000
21.000000
21.500000
22.000000
22.500000
23.000000
23.500000
24.000000
24.500000
29.178571
33.857143
38.535714
43.214286
47.892857
52.571429
57.250000
61.928571
66.607143
71.285714
75.964286
80.642857
85.321429
90.000000
94.678571
99.357143
104.035714
108.714286
113.392857
118.071429
122.750000
127.428571
132.107143
136.785714
141.464286
146.142857
150.821429
155.500000
157.250000
159.000000
160.750000
162.500000
164.250000
166.000000
167.750000
169.500000
171.250000
173.000000
174.750000
176.500000
178.250000
180.000000
!T AOACM
!U deg
-180.000000
-178.250000
-176.500000
-174.750000
-173.000000
-171.250000
-169.500000
-167.750000
-166.000000
-164.250000
-162.500000
-160.750000
-159.000000
-157.250000
-155.500000
-150.821429
-146.142857
-141.464286
-136.785714
-132.107143
-127.428571
-122.750000
-118.071429
-113.392857
-108.714286
-104.035714
-99.357143
-94.678571
-90.000000
-85.357143
-80.714286
-76.071429
-71.428571
-66.785714
-62.142857
-57.500000
-52.857143
-48.214286
-43.571429
-38.928571
-34.285714
-29.642857
-25.000000
-25.000000
-24.500000
-24.000000
-23.500000
-23.000000
-22.500000
-22.000000
-21.500000
-21.000000
-20.500000
-20.000000
-19.500000
-19.000000
-18.500000
-18.000000
-17.500000
-17.000000
-16.500000
-16.000000
-15.500000
-15.000000
-14.500000
-14.000000
-13.500000
-13.000000
-12.500000
-12.000000
-11.500000
-11.000000
-10.500000
-10.000000
-9.500000
-9.000000
-8.500000
-8.000000
-7.500000
-5.000000
-4.500000
-4.000000
-3.500000
-3.000000
-2.500000
-2.000000
-1.500000
-1.000000
-0.500000
0.000000
0.500000
1.000000
1.500000
2.000000
2.500000
3.000000
3.500000
4.000000
4.500000
5.000000
5.500000
6.000000
6.500000
7.000000
7.500000
8.000000
8.500000
9.000000
9.500000
10.000000
10.500000
11.000000
11.500000
12.000000
12.500000
13.000000
13.500000
14.000000
14.500000
15.000000
15.500000
16.000000
16.500000
17.000000
17.500000
18.000000
18.500000
19.000000
19.500000
20.000000
20.500000
21.000000
21.500000
22.000000
22.500000
23.000000
23.500000
24.000000
24.500000
29.178571
33.857143
38.535714
43.214286
47.892857
52.571429
57.250000
61.928571
66.607143
71.285714
75.964286
80.642857
85.321429
90.000000
94.678571
99.357143
104.035714
108.714286
113.392857
118.071429
122.750000
127.428571
132.107143
136.785714
141.464286
146.142857
150.821429
155.500000
157.250000
159.000000
160.750000
162.500000
164.250000
166.000000
167.750000
169.500000
171.250000
173.000000
174.750000
176.500000
178.250000
180.000000
!T MACHCD
!U deg
0.34
!T MACHCL
!U deg
0.34
!T MACHCM
!U deg
0.34
!M CDTAB
!U nd
0.276660
0.277572
0.280305
0.284848
0.291181
0.299278
0.309107
0.320626
0.333788
0.348538
0.364815
0.382553
0.401676
0.422106
0.443758
0.506936
0.576299
0.649765
0.725112
0.800041
0.872237
0.939430
0.999466
1.050357
1.090344
1.117942
1.131983
1.131655
1.116517
1.131595
1.132088
1.118419
1.091377
1.052094
1.002011
0.942838
0.876506
0.805115
0.730876
0.656051
0.582891
0.513576
0.450156
0.472342
0.458350
0.444943
0.431718
0.418562
0.405542
0.392661
0.379941
0.367395
0.355034
0.342833
0.330806
0.318952
0.307240
0.295677
0.284290
0.273108
0.262196
0.251581
0.241232
0.231159
0.221058
0.209985
0.199181
0.188614
0.178071
0.167658
0.157380
0.147253
0.137318
0.127903
0.118797
0.109896
0.101153
0.092556
0.084076
0.037742
0.023023
0.009526
0.008362
0.007974
0.007953
0.007946
0.007692
0.007705
0.007703
0.007581
0.006341
0.005834
0.005988
0.006166
0.006361
0.006604
0.006858
0.007173
0.007555
0.008104
0.009015
0.010885
0.012312
0.014011
0.017640
0.021088
0.023447
0.025926
0.028697
0.031808
0.035414
0.039587
0.044394
0.049964
0.056367
0.063781
0.072380
0.082360
0.093881
0.107005
0.121630
0.137654
0.154774
0.172883
0.191640
0.210990
0.230720
0.250724
0.271101
0.291692
0.312553
0.333663
0.355470
0.379662
0.401638
0.417164
0.438490
0.419516
0.443758
0.506936
0.576299
0.649765
0.725112
0.800041
0.872237
0.939430
0.999466
1.050357
1.090344
1.117942
1.131983
1.131655
1.116517
1.131655
1.131983
1.117942
1.090344
1.050357
0.999466
0.939430
0.872237
0.800041
0.725112
0.649765
0.576299
0.506936
0.443758
0.422106
0.401676
0.382553
0.364815
0.348538
0.333788
0.320626
0.309107
0.299278
0.291181
0.284848
0.280305
0.277572
0.276660
!M CLTAB
!U nd
0.000000
0.066621
0.133243
0.199864
0.266485
0.333107
0.399728
0.466349
0.532970
0.599592
0.666213
0.732834
0.799456
0.866077
0.932698
0.832116
0.756958
0.694575
0.637788
0.582356
0.525787
0.466739
0.404675
0.339660
0.272222
0.203256
0.133939
0.065668
0.000000
-0.065155
-0.132885
-0.201668
-0.270134
-0.337126
-0.401759
-0.463501
-0.522261
-0.578526
-0.633549
-0.689665
-0.750849
-0.823789
-0.920153
-0.971563
-0.945937
-0.919726
-0.893148
-0.866325
-0.839362
-0.812301
-0.785186
-0.758056
-0.730938
-0.703907
-0.677000
-0.650261
-0.623670
-0.597368
-0.571595
-0.546714
-0.523444
-0.502198
-0.482986
-0.465915
-0.447214
-0.414731
-0.381834
-0.349340
-0.317034
-0.285734
-0.255296
-0.224711
-0.194429
-0.170658
-0.149370
-0.128483
-0.107269
-0.085193
-0.062590
0.112797
0.162126
0.209756
0.269937
0.330845
0.391851
0.452639
0.512957
0.573290
0.633323
0.693115
0.749675
0.811949
0.868552
0.925981
0.983440
1.039965
1.096579
1.151830
1.205671
1.255681
1.297407
1.315696
1.350055
1.383092
1.389856
1.407720
1.443886
1.480851
1.516468
1.550645
1.581848
1.610484
1.635985
1.658062
1.676439
1.690620
1.699891
1.703996
1.702456
1.696036
1.685430
1.672235
1.657682
1.643287
1.629959
1.618624
1.609530
1.603016
1.599159
1.598215
1.599972
1.604258
1.610854
1.618672
1.633778
1.656099
1.677410
1.326916
1.332426
1.188737
1.081368
0.992250
0.911126
0.831937
0.751125
0.666770
0.578107
0.485228
0.388889
0.290366
0.191342
0.093812
0.000000
-0.065668
-0.133939
-0.203256
-0.272222
-0.339660
-0.404675
-0.466739
-0.525787
-0.582356
-0.637788
-0.694575
-0.756958
-0.832116
-0.932698
-0.866077
-0.799456
-0.732834
-0.666213
-0.599592
-0.532970
-0.466349
-0.399728
-0.333107
-0.266485
-0.199864
-0.133243
-0.066621
0.000000
!M CMTAB
!U nd
0.000000
0.070000
0.140000
0.210000
0.280000
0.350000
0.409750
0.443874
0.477999
0.512123
0.546248
0.580372
0.590427
0.582429
0.574432
0.553050
0.523375
0.491934
0.474601
0.463695
0.456220
0.451554
0.446846
0.442077
0.436353
0.428113
0.419175
0.405849
0.392524
0.384234
0.375943
0.363017
0.349248
0.332988
0.315620
0.297172
0.277797
0.257740
0.236593
0.214060
0.186904
0.152799
0.035298
0.035298
0.030444
0.025421
0.020405
0.015450
0.010581
0.005804
0.001127
-0.003444
-0.007901
-0.012235
-0.016431
-0.020476
-0.024371
-0.028072
-0.031504
-0.034536
-0.036899
-0.038446
-0.039180
-0.039115
-0.039756
-0.045732
-0.051804
-0.057925
-0.064146
-0.069976
-0.075407
-0.080956
-0.086374
-0.089051
-0.090770
-0.092471
-0.094396
-0.096913
-0.100026
-0.137487
-0.141983
-0.140733
-0.140200
-0.139998
-0.140093
-0.140229
-0.140301
-0.140509
-0.140733
-0.140890
-0.141197
-0.141785
-0.141097
-0.140648
-0.140202
-0.139505
-0.138803
-0.137730
-0.136274
-0.133874
-0.129550
-0.120007
-0.114365
-0.108744
-0.098783
-0.091562
-0.087712
-0.084202
-0.080721
-0.077283
-0.073729
-0.070230
-0.066778
-0.063476
-0.060387
-0.057628
-0.055328
-0.053682
-0.052871
-0.053118
-0.054516
-0.057240
-0.061238
-0.066633
-0.073175
-0.080819
-0.089281
-0.098322
-0.107860
-0.117640
-0.127572
-0.137543
-0.147616
-0.158292
-0.167454
-0.173771
-0.181733
-0.106106
-0.108757
-0.166880
-0.203402
-0.235324
-0.259473
-0.280081
-0.298401
-0.314846
-0.330178
-0.343922
-0.356878
-0.367754
-0.378124
-0.385324
-0.392524
-0.405849
-0.419175
-0.428113
-0.436353
-0.442077
-0.446846
-0.451554
-0.456220
-0.463695
-0.474601
-0.491934
-0.523375
-0.553050
-0.574432
-0.582429
-0.590427
-0.587872
-0.571248
-0.554623
-0.537999
-0.521374
-0.504750
-0.437500
-0.350000
-0.262500
-0.175000
-0.087500
0.000000
