#
##=---------------------------------------------------------------------------*| 
#|            #####        |                                                   | 
#|       ####              |                                                   | 
#|    ####    ###   ###    | Bronberg Dynamics                                 | 
#|  #####     #  #  #  #   | Web: https://bronbergdynamics.co.za               | 
#| #####      ###   #  #   | Author: Keana Mrazek                              | 
#|  ####      #  #  #  #   | Email: Keana@bronbergdynamics.co.za               | 
#|    ###     ###   ###    |                                                   | 
#|      ##                 |                                                   | 
#|*---------------------------------------------------------------------------=#
!T AOACD
!U deg
-180.000000
-178.214286
-176.428571
-174.642857
-172.857143
-171.071429
-169.285714
-167.500000
-165.714286
-163.928571
-162.142857
-160.357143
-158.571429
-156.785714
-155.000000
-150.357143
-145.714286
-141.071429
-136.428571
-131.785714
-127.142857
-122.500000
-117.857143
-113.214286
-108.571429
-103.928571
-99.285714
-94.642857
-90.000000
-85.357143
-80.714286
-76.071429
-71.428571
-66.785714
-62.142857
-57.500000
-52.857143
-48.214286
-43.571429
-38.928571
-34.285714
-29.642857
-25.000000
-25.000000
-24.500000
-24.000000
-23.500000
-23.000000
-22.500000
-22.000000
-21.500000
-21.000000
-20.500000
-20.000000
-19.500000
-19.000000
-18.500000
-18.000000
-17.500000
-17.000000
-16.500000
-16.000000
-15.500000
-15.000000
-14.500000
-14.000000
-13.500000
-13.000000
-12.500000
-12.000000
-11.500000
-11.000000
-10.500000
-10.000000
-9.500000
-9.000000
-8.500000
-8.000000
-7.500000
-7.000000
-6.500000
-6.000000
-5.500000
-5.000000
-4.500000
-4.000000
-3.500000
-3.000000
-2.500000
-2.000000
-1.500000
-1.000000
-0.500000
0.000000
0.500000
1.000000
1.500000
2.000000
2.500000
3.000000
3.500000
4.000000
4.500000
5.000000
5.500000
6.000000
6.500000
7.000000
7.500000
8.000000
8.500000
9.000000
9.500000
10.000000
10.500000
11.000000
11.500000
12.000000
12.500000
13.000000
13.500000
14.000000
14.500000
15.000000
15.500000
16.000000
16.500000
17.000000
17.500000
18.000000
18.500000
19.000000
19.500000
20.000000
20.500000
21.000000
21.500000
22.000000
22.500000
23.000000
23.500000
24.000000
24.500000
25.000000
29.642857
34.285714
38.928571
43.571429
48.214286
52.857143
57.500000
62.142857
66.785714
71.428571
76.071429
80.714286
85.357143
90.000000
94.642857
99.285714
103.928571
108.571429
113.214286
117.857143
122.500000
127.142857
131.785714
136.428571
141.071429
145.714286
150.357143
155.000000
156.785714
158.571429
160.357143
162.142857
163.928571
165.714286
167.500000
169.285714
171.071429
172.857143
174.642857
176.428571
178.214286
180.000000
!T AOACL
!U deg
-180.000000
-178.214286
-176.428571
-174.642857
-172.857143
-171.071429
-169.285714
-167.500000
-165.714286
-163.928571
-162.142857
-160.357143
-158.571429
-156.785714
-155.000000
-150.357143
-145.714286
-141.071429
-136.428571
-131.785714
-127.142857
-122.500000
-117.857143
-113.214286
-108.571429
-103.928571
-99.285714
-94.642857
-90.000000
-85.357143
-80.714286
-76.071429
-71.428571
-66.785714
-62.142857
-57.500000
-52.857143
-48.214286
-43.571429
-38.928571
-34.285714
-29.642857
-25.000000
-25.000000
-24.500000
-24.000000
-23.500000
-23.000000
-22.500000
-22.000000
-21.500000
-21.000000
-20.500000
-20.000000
-19.500000
-19.000000
-18.500000
-18.000000
-17.500000
-17.000000
-16.500000
-16.000000
-15.500000
-15.000000
-14.500000
-14.000000
-13.500000
-13.000000
-12.500000
-12.000000
-11.500000
-11.000000
-10.500000
-10.000000
-9.500000
-9.000000
-8.500000
-8.000000
-7.500000
-7.000000
-6.500000
-6.000000
-5.500000
-5.000000
-4.500000
-4.000000
-3.500000
-3.000000
-2.500000
-2.000000
-1.500000
-1.000000
-0.500000
0.000000
0.500000
1.000000
1.500000
2.000000
2.500000
3.000000
3.500000
4.000000
4.500000
5.000000
5.500000
6.000000
6.500000
7.000000
7.500000
8.000000
8.500000
9.000000
9.500000
10.000000
10.500000
11.000000
11.500000
12.000000
12.500000
13.000000
13.500000
14.000000
14.500000
15.000000
15.500000
16.000000
16.500000
17.000000
17.500000
18.000000
18.500000
19.000000
19.500000
20.000000
20.500000
21.000000
21.500000
22.000000
22.500000
23.000000
23.500000
24.000000
24.500000
25.000000
29.642857
34.285714
38.928571
43.571429
48.214286
52.857143
57.500000
62.142857
66.785714
71.428571
76.071429
80.714286
85.357143
90.000000
94.642857
99.285714
103.928571
108.571429
113.214286
117.857143
122.500000
127.142857
131.785714
136.428571
141.071429
145.714286
150.357143
155.000000
156.785714
158.571429
160.357143
162.142857
163.928571
165.714286
167.500000
169.285714
171.071429
172.857143
174.642857
176.428571
178.214286
180.000000
!T AOACM
!U deg
-180.000000
-178.214286
-176.428571
-174.642857
-172.857143
-171.071429
-169.285714
-167.500000
-165.714286
-163.928571
-162.142857
-160.357143
-158.571429
-156.785714
-155.000000
-150.357143
-145.714286
-141.071429
-136.428571
-131.785714
-127.142857
-122.500000
-117.857143
-113.214286
-108.571429
-103.928571
-99.285714
-94.642857
-90.000000
-85.357143
-80.714286
-76.071429
-71.428571
-66.785714
-62.142857
-57.500000
-52.857143
-48.214286
-43.571429
-38.928571
-34.285714
-29.642857
-25.000000
-25.000000
-24.500000
-24.000000
-23.500000
-23.000000
-22.500000
-22.000000
-21.500000
-21.000000
-20.500000
-20.000000
-19.500000
-19.000000
-18.500000
-18.000000
-17.500000
-17.000000
-16.500000
-16.000000
-15.500000
-15.000000
-14.500000
-14.000000
-13.500000
-13.000000
-12.500000
-12.000000
-11.500000
-11.000000
-10.500000
-10.000000
-9.500000
-9.000000
-8.500000
-8.000000
-7.500000
-7.000000
-6.500000
-6.000000
-5.500000
-5.000000
-4.500000
-4.000000
-3.500000
-3.000000
-2.500000
-2.000000
-1.500000
-1.000000
-0.500000
0.000000
0.500000
1.000000
1.500000
2.000000
2.500000
3.000000
3.500000
4.000000
4.500000
5.000000
5.500000
6.000000
6.500000
7.000000
7.500000
8.000000
8.500000
9.000000
9.500000
10.000000
10.500000
11.000000
11.500000
12.000000
12.500000
13.000000
13.500000
14.000000
14.500000
15.000000
15.500000
16.000000
16.500000
17.000000
17.500000
18.000000
18.500000
19.000000
19.500000
20.000000
20.500000
21.000000
21.500000
22.000000
22.500000
23.000000
23.500000
24.000000
24.500000
25.000000
29.642857
34.285714
38.928571
43.571429
48.214286
52.857143
57.500000
62.142857
66.785714
71.428571
76.071429
80.714286
85.357143
90.000000
94.642857
99.285714
103.928571
108.571429
113.214286
117.857143
122.500000
127.142857
131.785714
136.428571
141.071429
145.714286
150.357143
155.000000
156.785714
158.571429
160.357143
162.142857
163.928571
165.714286
167.500000
169.285714
171.071429
172.857143
174.642857
176.428571
178.214286
180.000000
!T MACHCD
!U deg
0.55
!T MACHCL
!U deg
0.55
!T MACHCM
!U deg
0.55
!M CDTAB
!U nd
0.250012
0.250971
0.253845
0.258620
0.265277
0.273788
0.284116
0.296217
0.310039
0.325525
0.342606
0.361212
0.381261
0.402669
0.425343
0.489510
0.559699
0.633859
0.709810
0.785300
0.858063
0.925887
0.986666
1.038463
1.079563
1.108517
1.124183
1.125761
1.112815
1.125761
1.124183
1.108517
1.079563
1.038463
0.986666
0.925887
0.858063
0.785300
0.709810
0.633859
0.559699
0.489510
0.425343
0.366351
0.355767
0.345279
0.334947
0.324756
0.314715
0.304905
0.295328
0.285996
0.276892
0.267988
0.259245
0.250683
0.242295
0.234078
0.226029
0.218143
0.210420
0.202365
0.195206
0.188261
0.181470
0.174861
0.168533
0.162690
0.155911
0.148872
0.141731
0.134501
0.127203
0.129753
0.121129
0.112963
0.105186
0.097115
0.086878
0.078926
0.069575
0.060085
0.050246
0.038221
0.025481
0.014286
0.009362
0.007960
0.007258
0.006968
0.006680
0.006387
0.006165
0.005810
0.005478
0.004930
0.005329
0.006050
0.008105
0.010104
0.010780
0.011836
0.013785
0.015860
0.018409
0.022328
0.027730
0.033583
0.040778
0.049803
0.061202
0.075508
0.092866
0.111222
0.126722
0.141046
0.154708
0.168056
0.179668
0.190509
0.204477
0.217095
0.227410
0.241409
0.253396
0.264866
0.278741
0.291665
0.304461
0.317285
0.329916
0.282428
0.293153
0.304925
0.315844
0.326732
0.338484
0.350337
0.362379
0.374592
0.387014
0.399624
0.412399
0.425343
0.489510
0.559699
0.633859
0.709810
0.785300
0.858063
0.925887
0.986666
1.038463
1.079563
1.108517
1.124183
1.125761
1.112815
1.125761
1.124183
1.108517
1.079563
1.038463
0.986666
0.925887
0.858063
0.785300
0.709810
0.633859
0.559699
0.489510
0.425343
0.402669
0.381261
0.361212
0.342606
0.325525
0.310039
0.296217
0.284116
0.273788
0.265277
0.258620
0.253845
0.250971
0.250012
!M CLTAB
!U nd
0.000000
0.055265
0.110531
0.165796
0.221061
0.276327
0.331592
0.386858
0.442123
0.497388
0.552654
0.607919
0.663184
0.718450
0.773715
0.708384
0.658955
0.616325
0.575264
0.532677
0.486788
0.436711
0.382208
0.323536
0.261344
0.196595
0.130498
0.064454
0.000000
-0.064454
-0.130498
-0.196595
-0.261344
-0.323536
-0.382208
-0.436711
-0.486788
-0.532677
-0.575264
-0.616325
-0.658955
-0.708384
-0.773715
-0.736137
-0.722216
-0.708050
-0.693629
-0.678840
-0.663534
-0.648236
-0.633015
-0.617704
-0.602245
-0.586666
-0.570933
-0.555123
-0.539275
-0.523367
-0.507487
-0.491693
-0.476047
-0.461385
-0.446061
-0.430991
-0.416458
-0.402770
-0.390462
-0.380407
-0.367958
-0.356784
-0.347535
-0.340176
-0.335563
-0.415417
-0.402132
-0.390996
-0.383407
-0.374689
-0.349519
-0.315719
-0.283817
-0.256223
-0.223068
-0.174250
-0.113317
-0.043119
0.033239
0.108744
0.183181
0.255878
0.328126
0.399709
0.470921
0.541760
0.611838
0.673898
0.742672
0.808540
0.861601
0.915059
0.981986
1.045278
1.097050
1.146897
1.195886
1.240965
1.267829
1.267332
1.248833
1.221452
1.189265
1.156143
1.126592
1.106965
1.095628
1.091655
1.094017
1.100751
1.114249
1.129751
1.144422
1.163333
1.184387
1.204931
1.227506
1.250377
1.274100
1.298483
1.323477
1.348920
1.374468
0.984750
0.994845
1.005305
1.015998
1.026631
1.036218
1.046546
1.056739
1.066794
1.076645
1.086324
1.095867
1.105307
1.011977
0.941364
0.880465
0.821805
0.760967
0.695411
0.623873
0.546011
0.462194
0.373348
0.280850
0.186426
0.092077
0.000000
-0.064454
-0.130498
-0.196595
-0.261344
-0.323536
-0.382208
-0.436711
-0.486788
-0.532677
-0.575264
-0.616325
-0.658955
-0.708384
-0.773715
-0.718450
-0.663184
-0.607919
-0.552654
-0.497388
-0.442123
-0.386858
-0.331592
-0.276327
-0.221061
-0.165796
-0.110531
-0.055265
0.000000
!M CMTAB
!U nd
0.000000
0.071429
0.142857
0.214286
0.285714
0.357143
0.407525
0.426336
0.445147
0.463958
0.482770
0.501581
0.503898
0.502091
0.500284
0.495586
0.478529
0.460442
0.453089
0.448955
0.446951
0.446279
0.444942
0.442830
0.439450
0.433216
0.426155
0.414545
0.402936
0.395120
0.387304
0.374805
0.361455
0.345497
0.328380
0.310143
0.290946
0.271249
0.250751
0.229421
0.205313
0.173115
0.043833
0.043833
0.040128
0.036466
0.032841
0.029266
0.025706
0.022101
0.018502
0.014952
0.011447
0.007987
0.004614
0.001292
-0.001973
-0.005159
-0.008272
-0.011308
-0.014257
-0.016720
-0.019292
-0.021824
-0.024221
-0.026420
-0.028339
-0.029874
-0.031602
-0.033058
-0.034025
-0.034484
-0.033966
-0.029513
-0.031705
-0.033175
-0.033736
-0.035317
-0.043978
-0.052627
-0.063160
-0.073908
-0.085573
-0.101843
-0.115893
-0.123724
-0.125509
-0.125364
-0.125255
-0.125259
-0.125641
-0.126202
-0.126800
-0.127547
-0.127986
-0.125941
-0.125570
-0.124589
-0.121801
-0.118588
-0.116768
-0.113770
-0.108375
-0.102330
-0.095743
-0.088486
-0.079438
-0.068147
-0.058549
-0.053459
-0.054072
-0.060701
-0.071748
-0.082213
-0.089977
-0.096967
-0.103651
-0.110202
-0.115896
-0.121229
-0.128563
-0.134994
-0.140499
-0.147505
-0.153706
-0.159863
-0.166735
-0.173322
-0.179875
-0.186453
-0.193015
-0.119664
-0.122528
-0.125397
-0.128230
-0.131011
-0.133553
-0.136407
-0.139277
-0.142157
-0.145072
-0.148006
-0.150944
-0.153881
-0.197490
-0.226130
-0.253523
-0.274933
-0.294549
-0.312069
-0.328279
-0.343232
-0.356717
-0.369264
-0.379697
-0.389554
-0.396245
-0.402936
-0.414545
-0.426155
-0.433216
-0.439450
-0.442830
-0.444942
-0.446279
-0.446951
-0.448955
-0.453089
-0.460442
-0.478529
-0.495586
-0.500284
-0.502091
-0.503898
-0.505152
-0.504198
-0.503244
-0.502290
-0.501336
-0.500382
-0.446429
-0.357143
-0.267857
-0.178571
-0.089286
0.000000
